20.87199497685276
21.02131992830486
15.37063938496625
14.960130503391117
15.007791316248738
12.076460004515434
14.432569593490776
9.037459990651156
11.520202013499123
7.394768833654851
8.213507784905612
7.739431789453889
6.846089999321011
7.203927900287092
4.977211862077848
2.693743141440128
4.13783801350367
4.635479478570209
3.4132435552961944
3.6912138434668096
2.516240320855055
3.3538308241766286
1.7654010884001865
0.5352585579624944
1.7288702017752264
2.4019446745752404
-0.16748136070552322
2.151286440324311
0.3574186168574889
0.2625791756442982
2.8396576273297214
-0.22935567731938977
0.5562183926325484
0.74175181007693
-0.26563342070630946
0.43018427304078916
1.5646521169746566
0.9957786691869783
0.8532861524530418
-0.6918352114697081
1.4402340427559088
0.9048076669276592
1.613886442201804
0.6352923835046623
0.3943219275415533
1.3831292573132452
1.499292721117075
-0.42705054285387456
-0.6671967355464075
1.610507168211321
1.2310353365299576
-0.023553315966148736
0.966645974947347
0.9450809730870257
-0.3938568651935456
-0.6030790377665232
0.6329481876543068
1.2957613548479125
-1.2421178225492653
-1.0091273708674384
0.3421238684945974
-0.3300051669485222
1.047798842285653
-1.125605695838383
1.1179431849663781
-1.3111798741898482
-0.80343263808121
0.36195494613163537
0.10338962328772772
-2.360993528473143
0.3626954281276017
-0.6914960240772394
-1.3661500883492517
0.2959281289047542
0.1553525551980668
1.5077248287613583
-0.13488996878212087
-0.16285814704365228
1.7226143396040663
0.015788698939092266
-0.7607183610649481
0.26838554085797595
-0.7456054284407585
0.07836406336829754
-2.174177845217346
0.5452697689922874
0.4976266640927366
-0.8182690947804867
0.9151437324808853
1.0145314508316774
1.0157335225581818
1.2845143267737802
-0.2492481988498235
0.0489863803841578
1.5772220593477637
1.1427902842898623
-0.5347073725233107
0.5458175217138335
1.426221195990804
0.44701217864138554
